9.585750754764179911e-13
7.028417381790484535e-12
2.007824258396463870e-12
7.173990917267958242e-13
8.693327331997820903e-13
3.997062696366929235e-01
2.100732805034040696e-01
1.425617307801642193e-12
6.437871539343846160e-13
2.375326564384213404e-12
1.482232040547102551e-12
4.857730130380160432e-13
4.147692135185685256e-13
7.872558103107524341e-13
1.176639665408828415e-12
4.243651488116682279e-14
5.585806429042932447e-13
1.750037415860759809e-13
7.586098210126878736e-13
4.380801659120498298e-13
2.557868008232738744e-01
1.344336490016461716e-01
1.079642286142488310e-12
6.661760206424357796e-13
1.089151132482443239e-11
