2.500499031237601080e-11
8.306921663383699969e-12
5.367210916494584657e-12
1.071843002871384396e-13
1.306761895346900829e-11
2.373350375966854253e-11
4.139246872372950682e-12
9.769572764161525467e-12
1.008602617436801236e-13
1.827209504273476407e-11
1.330329152426564451e-10
1.437589820616578071e-10
3.671906690152402009e-11
1.154127515107623195e-13
1.254059781292517024e-10
7.152901406623170244e-11
4.203131135445864419e-11
8.667594603293587687e-12
1.252652843076416886e-13
7.360119732690158031e-11
3.437176129114936640e-01
3.345512535339260074e-01
1.545827572206664609e-11
9.442626259711977938e-14
3.217311327961716039e-01
