3.916152763957235470e-13
1.629879690245807403e-12
3.947010747087011367e-12
2.208213146522206093e-12
4.093162395737681759e-12
2.297174908369278290e-01
2.533111908133113266e-01
1.527669748642776096e-12
2.018890744491004305e-12
8.789537654653702559e-13
8.639823050907154981e-13
6.263385141309537753e-13
6.764600288452338369e-13
2.208708690890715755e-12
1.699458020416635020e-12
3.967731523645554118e-12
1.809493283193795349e-12
1.356437717750947896e-12
2.432128924723636699e-12
6.151071500129409155e-13
2.458598393263955462e-01
2.711114789440765560e-01
4.501544087258360428e-12
2.146015950504758557e-12
3.969008915411273764e-11
