9.999999999999998890e-01 9.315812186162732988e-01 7.677741228148738939e-01 9.828686916276969665e-01 9.999463522230744861e-01 9.997440307046616681e-01 9.078133930541663066e-01 7.709457272539151917e-01 9.781830519619703068e-01 9.998113611631698205e-01
9.315812186162732988e-01 9.999999999999998890e-01 9.209487582980748765e-01 9.385766686929866154e-01 9.281349880887251880e-01 9.309941405132546866e-01 9.968046826199601362e-01 9.225097842065785869e-01 9.518715241645880898e-01 9.256887285826497225e-01
7.677741228148737829e-01 9.209487582980748765e-01 1.000000000000000000e+00 8.421777193629411684e-01 7.636660811078739286e-01 7.648222808321230026e-01 9.373361005745781682e-01 9.999797198578497248e-01 8.659228010211947879e-01 7.574292716296262551e-01
9.828686916276969665e-01 9.385766686929867264e-01 8.421777193629411684e-01 9.999999999999998890e-01 9.829554117343030084e-01 9.809499988314764884e-01 9.206214857198304902e-01 8.449496255082441509e-01 9.986552027702760848e-01 9.807771695351881203e-01
9.999463522230744861e-01 9.281349880887250769e-01 7.636660811078739286e-01 9.829554117343030084e-01 1.000000000000000000e+00 9.996292136016986518e-01 9.038509925041258164e-01 7.668767386064772040e-01 9.778472674802858311e-01 9.998671941008626662e-01
9.997440307046617791e-01 9.309941405132546866e-01 7.648222808321228916e-01 9.809499988314763774e-01 9.996292136016985408e-01 1.000000000000000000e+00 9.081906130455373871e-01 7.679212654956962814e-01 9.758477462668960767e-01 9.998277658369668641e-01
9.078133930541661956e-01 9.968046826199602473e-01 9.373361005745782792e-01 9.206214857198304902e-01 9.038509925041257054e-01 9.081906130455373871e-01 1.000000000000000000e+00 9.384008058791785123e-01 9.356205242914658049e-01 9.015912893456076160e-01
7.709457272539151917e-01 9.225097842065785869e-01 9.999797198578498358e-01 8.449496255082441509e-01 7.668767386064770930e-01 7.679212654956962814e-01 9.384008058791785123e-01 1.000000000000000000e+00 8.685617748332198351e-01 7.606239826526096648e-01
9.781830519619704178e-01 9.518715241645880898e-01 8.659228010211947879e-01 9.986552027702761958e-01 9.778472674802858311e-01 9.758477462668961877e-01 9.356205242914658049e-01 8.685617748332197241e-01 1.000000000000000000e+00 9.751456677764374081e-01
9.998113611631697095e-01 9.256887285826497225e-01 7.574292716296262551e-01 9.807771695351881203e-01 9.998671941008625552e-01 9.998277658369668641e-01 9.015912893456075050e-01 7.606239826526095538e-01 9.751456677764375192e-01 1.000000000000000000e+00
